12 5
0 -1.618 0.618
-1 -1 1
-0.618 0 1.618
0.618 0 1.618
1 -1 1
5
-0.618 0 1.618
0.618 0 1.618
1 1 1
0 1.618 0.618
-1 1 1
5
-1 -1 1
-0.618 0 1.618
-1 1 1
-1.618 0.618 0
-1.618 -0.618 0
5
0 -1.618 0.618
-1 -1 1
-1.618 -0.618 0
-1 -1 -1
0 -1.618 -0.618
5
0 -1.618 0.618
0 -1.618 -0.618
1 -1 -1
1.618 -0.618 0
1 -1 1
5
1.618 -0.618 0
1 -1 1
0.618 0 1.618
1 1 1
1.618 0.618 0
5
1.618 -0.618 0
1.618 0.618 0
1 1 -1
0.618 0 -1.618
1 -1 -1
5
1.618 0.618 0
1 1 -1
0 1.618 -0.618
0 1.618 0.618
1 1 1
5
0 1.618 -0.618
0 1.618 0.618
-1 1 1
-1.618 0.618 0
-1 1 -1
5
-1.618 0.618 0
-1 1 -1
-0.618 0 -1.618
-1 -1 -1
-1.618 -0.618 0
5
-0.618 0 -1.618
-1 -1 -1
0 -1.618 -0.618
1 -1 -1
0.618 0 -1.618
5
-0.618 0 -1.618
0.618 0 -1.618
1 1 -1
0 1.618 -0.618
-1 1 -1








